19
0 99 88 117 151 166 96 144 68 16 104 118 129 89 187 94 30 90 184
99 0 94 178 97 78 25 173 142 22 165 153 37 121 179 160 192 143 151
88 94 0 180 97 81 30 65 180 190 145 175 146 140 22 17 52 110 152
117 178 180 0 41 94 189 173 178 106 52 43 120 40 194 152 119 56 133
151 97 97 41 0 128 18 134 55 181 57 84 75 32 72 135 117 119 148
166 78 81 94 128 0 100 168 76 188 139 71 192 151 191 56 46 91 42
96 25 30 189 18 100 0 34 172 38 176 44 189 143 186 120 185 173 117
144 173 65 173 134 168 34 0 116 96 197 198 160 168 88 16 34 30 188
68 142 180 178 55 76 172 116 0 175 125 142 147 84 110 127 164 129 71
16 22 190 106 181 188 38 96 175 0 40 126 80 162 197 188 187 195 147
104 165 145 52 57 139 176 197 125 40 0 34 57 136 150 116 41 36 180
118 153 175 43 84 71 44 198 142 126 34 0 88 110 24 116 54 177 116
129 37 146 120 75 192 189 160 147 80 57 88 0 169 96 198 138 20 65
89 121 140 40 32 151 143 168 84 162 136 110 169 0 96 93 20 126 69
187 179 22 194 72 191 186 88 110 197 150 24 96 96 0 34 43 80 83
94 160 17 152 135 56 120 16 127 188 116 116 198 93 34 0 63 70 118
30 192 52 119 117 46 185 34 164 187 41 54 138 20 43 63 0 183 93
90 143 110 56 119 91 173 30 129 195 36 177 20 126 80 70 183 0 140
184 151 152 133 148 42 117 188 71 147 180 116 65 69 83 118 93 140 0
