18
0 110 57 114 194 27 142 136 125 130 156 59 36 121 107 64 29 33
110 0 133 165 55 126 127 47 97 70 161 107 36 32 195 25 95 45
57 133 0 62 174 65 51 52 33 83 66 160 87 79 176 26 123 61
114 165 62 0 121 26 46 31 53 126 41 82 96 152 15 51 141 37
194 55 174 121 0 186 125 124 33 110 154 92 29 104 194 50 95 148
27 126 65 26 186 0 47 68 109 158 150 192 44 194 136 200 46 34
142 127 51 46 125 47 0 153 80 176 104 76 169 182 139 67 26 123
136 47 52 31 124 68 153 0 142 114 27 188 194 60 134 147 101 27
125 97 33 53 33 109 80 142 0 26 78 71 136 161 179 40 50 58
130 70 83 126 110 158 176 114 26 0 83 80 158 121 30 119 34 66
156 161 66 41 154 150 104 27 78 83 0 76 137 39 166 44 114 164
59 107 160 82 92 192 76 188 71 80 76 0 20 63 171 115 188 125
36 36 87 96 29 44 169 194 136 158 137 20 0 167 35 110 173 112
121 32 79 152 104 194 182 60 161 121 39 63 167 0 120 32 149 36
107 195 176 15 194 136 139 134 179 30 166 171 35 120 0 37 23 162
64 25 26 51 50 200 67 147 40 119 44 115 110 32 37 0 104 109
29 95 123 141 95 46 26 101 50 34 114 188 173 149 23 104 0 24
33 45 61 37 148 34 123 27 58 66 164 125 112 36 162 109 24 0
