7
0 99 60 100 29 70 88
99 0 35 64 63 93 56
60 35 0 35 86 91 88
100 64 35 0 61 18 79
29 63 86 61 0 29 94
70 93 91 18 29 0 99
88 56 88 79 94 99 0
