8
0 42 51 62 80 30 75 56
42 0 28 80 24 22 78 79
51 28 0 74 83 37 39 98
62 80 74 0 70 82 31 42
80 24 83 70 0 95 89 92
30 22 37 82 95 0 93 47
75 78 39 31 89 93 0 71
56 79 98 42 92 47 71 0
