17
0 17 27 112 198 184 57 87 87 147 42 130 40 27 31 44 122
17 0 167 66 123 172 36 108 59 31 179 98 49 188 35 127 124
27 167 0 147 65 156 46 124 132 76 200 103 113 138 91 171 167
112 66 147 0 157 142 190 125 114 85 57 198 35 20 94 168 53
198 123 65 157 0 173 154 60 80 95 158 67 189 175 144 138 109
184 172 156 142 173 0 111 45 128 156 113 186 83 43 86 80 105
57 36 46 190 154 111 0 21 67 101 94 108 151 78 43 95 125
87 108 124 125 60 45 21 0 93 121 186 195 54 161 110 145 79
87 59 132 114 80 128 67 93 0 153 190 177 121 181 184 166 164
147 31 76 85 95 156 101 121 153 0 154 30 182 124 59 168 56
42 179 200 57 158 113 94 186 190 154 0 167 27 114 154 151 149
130 98 103 198 67 186 108 195 177 30 167 0 56 84 18 153 147
40 49 113 35 189 83 151 54 121 182 27 56 0 194 175 21 39
27 188 138 20 175 43 78 161 181 124 114 84 194 0 54 99 145
31 35 91 94 144 86 43 110 184 59 154 18 175 54 0 156 29
44 127 171 168 138 80 95 145 166 168 151 153 21 99 156 0 176
122 124 167 53 109 105 125 79 164 56 149 147 39 145 29 176 0
