22
0 81 162 157 121 32 72 16 145 177 56 149 72 16 71 122 66 182 145 193 153 105
81 0 134 18 96 174 33 76 139 54 91 66 155 143 45 92 65 115 24 198 151 195
162 134 0 35 107 161 169 155 147 41 153 100 154 194 124 183 22 110 144 78 66 60
157 18 35 0 109 200 170 125 97 163 83 61 73 160 75 72 31 132 41 194 34 93
121 96 107 109 0 91 154 180 65 139 134 69 96 108 140 75 104 73 63 46 74 163
32 174 161 200 91 0 17 171 38 178 89 72 148 112 46 30 113 131 30 157 99 91
72 33 169 170 154 17 0 139 100 104 123 184 80 131 73 63 181 85 175 200 169 77
16 76 155 125 180 171 139 0 94 116 89 92 166 130 178 51 178 186 93 64 49 152
145 139 147 97 65 38 100 94 0 48 141 115 52 17 59 103 102 38 131 179 64 103
177 54 41 163 139 178 104 116 48 0 181 45 65 21 106 81 111 176 140 121 183 100
56 91 153 83 134 89 123 89 141 181 0 188 147 81 152 101 89 181 48 37 138 119
149 66 100 61 69 72 184 92 115 45 188 0 41 23 198 178 168 106 178 135 33 151
72 155 154 73 96 148 80 166 52 65 147 41 0 128 200 89 161 47 103 169 42 55
16 143 194 160 108 112 131 130 17 21 81 23 128 0 22 81 156 145 135 136 125 179
71 45 124 75 140 46 73 178 59 106 152 198 200 22 0 130 33 159 98 158 136 125
122 92 183 72 75 30 63 51 103 81 101 178 89 81 130 0 59 123 41 19 16 167
66 65 22 31 104 113 181 178 102 111 89 168 161 156 33 59 0 159 131 194 179 126
182 115 110 132 73 131 85 186 38 176 181 106 47 145 159 123 159 0 172 59 177 168
145 24 144 41 63 30 175 93 131 140 48 178 103 135 98 41 131 172 0 59 30 191
193 198 78 194 46 157 200 64 179 121 37 135 169 136 158 19 194 59 59 0 92 39
153 151 66 34 74 99 169 49 64 183 138 33 42 125 136 16 179 177 30 92 0 88
105 195 60 93 163 91 77 152 103 100 119 151 55 179 125 167 126 168 191 39 88 0
