24
0 151 51 91 99 119 172 40 45 71 81 85 187 111 16 131 118 181 156 200 88 144 89 147
151 0 133 87 200 124 142 56 162 113 185 113 94 148 72 67 111 157 58 137 91 118 80 163
51 133 0 128 56 146 146 47 55 192 138 60 168 119 53 152 200 127 192 59 118 40 127 179
91 87 128 0 169 106 195 175 75 179 73 135 178 82 192 149 16 42 61 89 117 119 113 90
99 200 56 169 0 135 16 190 25 189 103 145 147 30 62 150 63 43 63 129 142 28 71 36
119 124 146 106 135 0 151 17 136 46 193 115 198 101 138 163 63 190 117 31 151 184 20 150
172 142 146 195 16 151 0 118 122 149 189 29 181 18 118 178 195 183 72 25 186 89 102 108
40 56 47 175 190 17 118 0 37 125 32 66 50 34 93 51 170 196 186 115 99 89 134 87
45 162 55 75 25 136 122 37 0 114 52 27 77 113 192 112 53 140 69 158 106 196 181 52
71 113 192 179 189 46 149 125 114 0 97 82 173 142 82 165 48 142 76 174 74 123 152 66
81 185 138 73 103 193 189 32 52 97 0 195 72 107 77 70 149 91 33 98 181 187 133 175
85 113 60 135 145 115 29 66 27 82 195 0 131 166 99 115 113 67 149 124 159 164 88 183
187 94 168 178 147 198 181 50 77 173 72 131 0 96 144 95 194 145 196 196 112 177 192 149
111 148 119 82 30 101 18 34 113 142 107 166 96 0 145 107 192 47 149 125 89 174 143 61
16 72 53 192 62 138 118 93 192 82 77 99 144 145 0 200 125 190 200 178 183 117 83 198
131 67 152 149 150 163 178 51 112 165 70 115 95 107 200 0 77 80 138 160 133 47 102 28
118 111 200 16 63 63 195 170 53 48 149 113 194 192 125 77 0 126 132 108 160 115 52 83
181 157 127 42 43 190 183 196 140 142 91 67 145 47 190 80 126 0 33 43 111 183 147 135
156 58 192 61 63 117 72 186 69 76 33 149 196 149 200 138 132 33 0 102 138 32 15 119
200 137 59 89 129 31 25 115 158 174 98 124 196 125 178 160 108 43 102 0 141 165 52 114
88 91 118 117 142 151 186 99 106 74 181 159 112 89 183 133 160 111 138 141 0 64 68 98
144 118 40 119 28 184 89 89 196 123 187 164 177 174 117 47 115 183 32 165 64 0 30 149
89 80 127 113 71 20 102 134 181 152 133 88 192 143 83 102 52 147 15 52 68 30 0 25
147 163 179 90 36 150 108 87 52 66 175 183 149 61 198 28 83 135 119 114 98 149 25 0
